1184954960208896006
59367569
441422747
1164399851578093569
246308189
1012250489130573824
3739275376
977446067460440065
922966858898296832
3809141175
3458936896
847232785404145671
1351679240
1109566646279122950
75576557
4328419512
89517375
1092326911936790528
72185690
1115197190706798592
258480144
25777628
937181431943479299
937181431943479299
955916971765387265
898833128344760320
1135239267272339457
1195021995336982530
144901191
877184221412028416
329538801
898523108130381824
372819814
776364132513841152
78403897
374729426
1033343849501020160
371994104
1002125589992673281
3151918170
1122371610
1191502581786386433
2343480446
804664474850312192
1024458072109076485
374729426
1171499939408465921
47467379
1034745368217628672
774166634164465664
1934611382
1053454356878479361
962708944320802816
1034745368217628672
1171499939408465921
247973359
1065641270939451392
942074049177554945
1414582549
2383717754
138873627
3343583716
1136370591517290496
482523330
1177098186353037313
964240809246806017
4135561820
42219969
3081508768
808027766
1007440247637016576
59929401
3081508768
4135561820
2369283373
1249981434
121158213
47467379
371200623
4063667776
4375674801
1105563273833955330
140397718
270313622
727519600787750913
374729426
938597434057424896
2602714231
402353316
588265724
138825272
120004341
120004341
752958203281932288
752958203281932288
938597434057424896
244674911
25469657
3307881361
917999192961896448
3307881361
3695725513
2500805054
247299000
899143372790575105
1094038634297085952
1093914266606817280
1389203360
877858030834110469
853342253804335107
924880241369128961
1010101792472854529
760853978837942272
818481118483742720
853342253804335107
467153131
2482342250
853342253804335107
853342253804335107
853342253804335107
948551073387642880
853342253804335107
853342253804335107
977673604379930629
818481118483742720
1034745368217628672
999410976683278336
853342253804335107
853342253804335107
1116156735738114048
1034745368217628672
853342253804335107
1004183625661800448
3125851449
1064382502901448705
964873845663522816
1183166854732419072
14850587
502459183
2231654796
1136370591517290496
356515976
356515976
882569080385011712
3001601898
1170173178766741504
3001601898
824162165561114624
1003604824636583936
964486712578654208
1136370591517290496
1136370591517290496
2655415370
732176236227792896
14896937
519836415
2224340798
1374059611
995458317634830336
1117089766451896320
995210089656078337
1136370591517290496
1139310453987745792
14229547
122402087
2500971540
843088014
338883492
983981598977810434
81111215
259239463
2358562603
4202322833
43944239
2909000853
575029055
24292172
89517005
1105574758328877056
3432606731
3432606731
575029055
3432606731
29733577
75691804
75691804
75691804
149300800
2966696649
1152307647321989121
1941198920
1055865798160474112
378636871
2960761761
872831686291185664
2582876443
257093769
595815232
1078612337274351616
92446430
1178719351068692482
2947355634
349773427
1018978925509308417
2266114986
736295809
989161562165391360
900620791
1087267189
790358748120420356
925001257663811584
1087267189
64818179
2256362377
1087267189
3636524356
810218610090250240
38157190
1162495464085893122
3101265496
447199148
2256362377
246196701
4299689533
417898103
2886370457
60239125
3160707366
2581577688
1045337308176637952
803572112266915841
971795424347676672
1045337308176637952
1041781783
104845125
108881778
768221502357504004
703936974575398912
540649630
367097057
989247754919661570
619925942
783309923824394240
585140417
842871455847276544
225730192
1091026056574726149
1096722472634703872
768221502357504004
700586631317712896
34375961
863262561118048256
161507331
2950332636
2165195689
1941198920
2578006686
840287448034869249
856111649840824324
1414316708
740415495774605312
993704546017869824
344452345
268369564
415563839
794072082665631744
613581916
714526383683166208
19864495
736506144437338112
17168961
268369564
714526383683166208
1193779847727894529
19864495
19864495
862705091211669508
591459578
3119249253
213716174
1118565792692482048
771643416
3110175497
575910168
2476192112
2875678506
2224170056
2354962082
981820832006598656
814917622063996928
35971333
1193779847727894529
1070423812548767758
889196058
15915843
1003310815389388800
1143448297954168834
24227424
1143448297954168834
880114550317735937
567425171
1143448297954168834
1143448297954168834
1143448297954168834
1143448297954168834
2985484962
2220015630
48911454
981555730376527873
315486076
3879604821
1236465925
72099116
773932994319056898
137742359
588845827
977782781639094272
703648241083097088
943089426640580610
1171516725969313792
1141594024018452480
3045360553
415272771
138238022
27285857
1177585022565376000
2768401877
2541855778
898288771094982657
3004114770
1176186206717132801
947159348425515009
2879078185
149940786
2842941886
110302086
39975891
913537855846256640
3119249253
102816266
2993568301
260355305
814917622063996928
796710446824849408
820036416914812930
3145329455
909761713234378753
799762556671954944
268369564
1052681476003655680
2385643734
102816266
3119249253
14770715
884103179448745984
132785632
1193779847727894529
3119249253
102816266
1037059838424039426
1191834590769401856
2196092280
268369564
936286246015418368
1897960550
794963070057639936
268369564
39975891
48105920
361752213
2173051896
396552274
797925092680495104
396552274
1049066278584037376
941947293447602176
1142507294
860751908943917056
4251850093
783258449945780224
751195784595537922
802689211635814400
1001509348835778561
819168536820088837
49905086
295304055
23069366
490430482
787077331
158607993
3300082140
268255818
974723118089588738
28716183
268369564
268369564
187342520
18639734
388671668
268369564
1140986268681039872
948623304
2335328114
361128999
773682392
98505044
2879857922
43030496
973737346242772992
3281495083
597428066
1010727912834674688
1301073847
2880343719
1174857228651769856
214949808
927625374493761540
33959150
1197158134579642370
4660617207
19692517
818053950
1120178072982974464
405269468
877721508256284676
2700394543
3234119148
60350927
381092269
1192473928142221313
796367969328758784
780449992007782400
70613183
1156556214576275456
1156611891348869120
210277246
2323097113
71272041
1114961086019776514
133185130
4624243156
1395710664
2365956168
2441040134
564981968
2567690867
940816093463171073
1693748240
966788660
1087894290624241664
793942798986870784
1050118769538818048
1160179927787790336
773975861972393985
1107277218789670913
3313865923
92135953
3254362274
3135287841
326432446
475836936
3021871928
716703528211849216
3715225455
579070244
769743276
912919734273953792
1048639651551088640
944812119991578625
365845723
1142756595916562433
862122627040776192
813275102754304000
539065029
387018077
911300173627871232
1158310778
3224083041
195648119
1149700072281690113
46425985
580407647
1136370591517290496
1127291016141266944
930459372
2428148947
939994855362760704
1332836738
2796128924
1136681167
2308979646
1480922671
889597093983039489
388190869
173939001
941488283405631488
2534440793
954186033809252353
599370054
3438224751
820055555737722882
1093000223327219712
53252898
3689191694
2254410024
1201168249628565505
747767486821576704
1056701590508331010
2180566601
876573609870938114
2600584364
1120897562578264065
389326412
98006268
979777599898636290
3259374451
1084286877278953473
940991264249516033
1193651431116554241
1069872641945886721
152626915
2873300438
380387613
2306740208
347475846
2335661960
3863461693
1347485508
28817315
3362135000
3679676728
1110404497333878784
307760545
1204036221422493698
1857901044
157214173
2374802718
117848286
112023438
214739261
822634864356769792
585182592
67116491
2408549680
3268476332
844727354404601856
2500971540
465348768
3238462046
101122539
967011278857400320
742541281386061824
913309105661472768
3452856254
3363774237
3256009849
1088542481522876419
754137603134357505
961268686702170115
1015106165280329728
433760139
24692013
1471431572
850704276
2172143816
1483901773
3041955938
1200917828423077888
1074855583
938625527216304128
4145018428
1080298913737965575
327129347
465054796
419975212
2428148947
2379296515
1088853148373057537
1088853148373057537
1088853148373057537
1136370591517290496
1136370591517290496
963495628545327104
815759702348828672
466333756
984028123
114968505
956022981574168576
587947089
1002767521
717480979
2843304326
1047654565
410012065
3044875956
1059896827
761348387820167169
1196158030573899776
1067783144684679170
287604397
2931736855
1112242184944787462
1912974876
314569406
4116867615
632806514
380674658
806298534530031616
627678840
770215514597498880
1070014823956664320
812091230
790148161
2369745728
344433234
980022550045515776
232680887
215640924
1008749889784668160
128529833
1049130555562909696
945498151
1141941514752483329
829610775341891584
1087504052026511361
1010820436442173440
3065297822
2190273892
1141751503
940595003532959744
3287289481
478981652
914708305427275776
126472521
959498770689003520
866762928393003009
1123008666766983168
718977708194025472
3512654903
3191606239
4721195250
244977545
943437427036782593
804379600461578240
888382166748413953
1019178690972774401
711795858887417857
2159390047
886601799049900032
365017725
846875160602914816
735249163
1020846805
468690848
1115868940138373120
3191263794
1273772726
137894821
2764499290
864484333
835560611207593984
40480182
579073325
713812802570309632
368464774
1147830744846389249
848793400157622272
1175127028779012096
1903843519
1160130336002473984
1062164756675608578
700120284
1662377790
3474474275
769129104583102464
769009884146827264
944761923463188480
839205272119873540
913659484077199360
1143398549167599616
1168976287496585216
1055006041484738562
882794157525262336
1119990965027131392
236516271
996769171
2591520613
752657797863632896
1330736203
1081250602666086411
39534860
87886277
796078835204648961
862738725763129344
546001871
916723157108690944
317782051
2352239953
1006031796096684033
348062712
827276348708188162
348780934
174825593
1023643184289775618
2664996944
1104540531210764299
243793727
384525360
34210296
124747023
1091215238853144576
749123389340553218
4881970084
1075007487479296000
270644425
631360495
28763613
2212632678
315943328
1187677262
1144357384460152832
3029204524
1539945462
2470197612
1412137082
1132025028189523968
2875531347
1067876579861241857
712483938124431360
2470197612
2470197612
2470197612
2470197612
2470197612
2470197612
2470197612
2470197612
2350974559
182960663
1001182462230388736
425417795
369729629
1146387738456940544
1129965723772706816
26591685
26591685
3360140713
721080146871128064
161752326
138620850
2994978859
428147416
1189705218361036800
825942042685616129
1154076485298413569
413112931
255530861
114015079
231598293
712719558977654785
478305553
140674872
328093871
304084415
235436789
1064166764
823110561168642048
1094221159091052544
25394992
3248925156
31579226
905218151058571264
956571919364575232
802331015624552448
235806879
1196663420784988160
15616827
835380863076446209
1043998375593406464
1185650338822606849
39415766
199509339
217334350
20082592
818112703218778112
921374126102732800
928950521351696384
4659231942
948443880692813824
1199747498966802432
1185259770522951680
1089364258855387136
1202232845571244033
545774136
1146099710068871169
1591488343
1004039667824541696
1041050603319812096
1100239361918914560
1056590492195057665
3511162757
541126742
1125803111224885248
2249864624
211350025
1675679504
132187222
229213348
3697390517
1073382444076797952
920225359
896018996327309312
142998064
1405391425
1477163785
1029496336121561088
1090230636961505280
6994182
3020648595
241110794
1027516326401560576
1969898298
1185326015033335814
1035738933785706501
711845166
1138218882609684481
2470197612
1385028108
2255303042
1035658046515466240
1360481953
1076725433088069632
19432750
3341982313
776162557073592320
1037597539556446209
3341982313
776162557073592320
29140437
439623430
986281301237010437
2470197612
36963595
1136370591517290496
1067876579861241857
824162165561114624
1121870275409260545
1136370591517290496
427105794
3065180248
876310261
1055473957514723328
1595629801
1190707134813458432
3301573353
2415399587
20345218
18952948
1051066091823423488
121158213
942158959
1038525770421993475
2231654796
1134049078424162304
1134049078424162304
2421561956
15296897
20345218
18952948
1134049078424162304
4312114277
709822647652196353
851180269285625856
15296897
15296897
1029210365312294912
15296897
65563900
15296897
28327700
15296897
15296897
15296897
1011975445280149505
15836769
15296897
15296897
15296897
15296897
3154308101
15296897
20345218
15296897
15296897
930803511918411776
1134049078424162304
2828319110
1134049078424162304
7958552
935212795737661442
1136370591517290496
4135561820
40574716
237679764
1179027146079117313
1321389272
21621749
40574716
1320541796
21621749
21621749
21621749
21621749
21621749
21621749
21621749
21621749
21621749
21621749
21621749
21621749
21621749
21621749
21621749
21621749
21621749
21621749
21621749
21621749
21621749
21621749
1134049078424162304
19972573
233185107
703391132835663872
20345218
18952948
212330855
1100709488376639489
943512260839960576
430365366
3058646385
925742790973067264
925742790973067264
941062132870742016
1002861191776096256
925742790973067264
925742790973067264
1066011037529452544
1055721382737272832
3058646385
210540467
924552495757774849
298808025
941062132870742016
414927150
921629979158437888
924552495757774849
3599708961
144619588
982697740722429952
982697740722429952
982697740722429952
943512260839960576
966395587
210540467
1979190776
1979190776
4876582225
935212795737661442
154878659
20345218
18952948
228252737
930803511918411776
930803511918411776
930803511918411776
1040622494368100353
20345218
18952948
24643919
16696786
777263560854503424
74177497
380194378
1002679892
927302085829328902
924552495757774849
403676278
3058646385
210540467
210540467
569790446
569790446
702521020348043264
941062132870742016
430365366
3058646385
925742790973067264
925742790973067264
941062132870742016
925742790973067264
925742790973067264
1066011037529452544
1055721382737272832
125716691
176255445
1134049078424162304
992381578859941889
1134049078424162304
1134049078424162304
967160837508157440
15804695
990248981006635013
15296897
46045072
1134049078424162304
932864774341320704
969703848
15296897
15296897
1134049078424162304
963495628545327104
15296897
754730077745717248
121158213
15296897
250289744
863054964
15296897
1038525770421993475
126159663
15296897
878939119673540608
149571760
1131524329538293760
960948624455761926
458962368
587140895
3293309423
1110490458
121158213
250289744
1134049078424162304
242907999
1142830185101889536
1142830185101889536
109821087
412587524
3240385912
4312114277
15296897
313866437
1134049078424162304
829296595095191553
176255445
963495628545327104
15296897
72928001
15296897
1134049078424162304
1208867782458269696
747799831481982978
121158213
3427050166
962708944320802816
1070210555816960000
1008744376632266753
727519600787750913
1136370591517290496
4135561820
40574716
237679764
1179027146079117313
1321389272
21621749
40574716
1320541796
21621749
21621749
21621749
21621749
21621749
21621749
21621749
21621749
21621749
21621749
21621749
21621749
21621749
1134049078424162304
33796239
33796239
230247320
253065168
330133120
15296897
1022151998756384768
841568960881577985
15296897
15296897
15296897
703039466978439168
1123430860676640769
513534970
118712933
553635241
872555328092737536
23351984
296120111
736436643058581504
1325337348
4847408434
1602623546
1025573397642788867
69411074
1123081607613599744
1594318189
617394223
3397650253
706910102645673984
1544612791
2691804925
832981399711916033
861584911060226049
625262320
2782348940
605239015
541436433
1131325908416192512
1124042524719570951
729105895771213824
69271273
716814658070384641
1032521700
2903220866
69994362
944004927000424448
90220498
1108449101123862533
1175897186296401920
384485441
3338724794
947708048
1093754076360101888
2687641946
19753565
291858587
2992458212
949558679677947905
53500434
906473044012523520
782823428675866624
3353000840
1103688135911780352
1116628880725430272
1657739504
317431692
23724324
605902982
1035182114671489024
314935651
1181297700140007425
1167317950069497856
268121498
1203279718780264449
909936742295310338
1134865212853673984
3013037059
2384006948
3259677642
2931677239
978607402089054209
339920213
1050918766245113856
36530443
208091214
2547474756
757797318242410496
1161956701274116096
70051209
1644385884
713248003226787840
797273351563644929
817578768394960898
2587240453
3351688214
439736226
40171282
183060398
1198071595329179648
1185572365977214976
943805586591719424
337901719
807487399592751104
41942657
775915077392330756
2417954480
2257977578
591089982
559325289
1161351789716881409
1141968805
1013502849182060544
704591810
865669812302733312
920383825573584896
1006015333096882176
1020111098
957613142158315520
881659712793530371
452808536
1135587320
1124408594
4275949580
1068004007099027456
1031560998790942720
767024156001112064
4798262222
1033826336
1044683013651607553
3268667172
133514918
1009015291353812992
186454170
457082194
1700599759
369631806
3037520135
4216603332
565615639
966809357194166272
1223228114
1120025840824143872
1168136155818123270
1146625735
727769258
3311530794
1383221616
3002626134
1849724642
1177196383
67514659
705075051687600129
993210271517855745
496424402
191175379
948676817744990208
962122866115465218
7160912
543775549
782811830292926464
835112806319960064
1179371959630483456
27984072
4826731601
942724983565926400
339182806
360876083
774502493556314112
78778106
352666196
3245765003
986999402245033985
172935642
2837515100
635068092
39955037
2975275457
21591072
213641872
220310100
952899422555287552
2282160698
1097963949415325696
1100516941725396992
784241052878188548
3617318552
20262783
1012537893775073280
492810493
1069746454040887296
239894498
2461006310
739254795156873217
1136150367446507520
69271273
887704703219503104
558326661
826214924158328832
2578321388
2788481560
1029817090574708736
1272060426
3846967153
28439216
2548811594
858764306585980928
4824609646
414962189
69588225
989208342445936641
55528808
857868707279773696
989531822697541632
4180287220
636791961
1120985705499570176
445633747
1518281370
4558616129
711981998
304574639
53518873
1115105134533435394
288866206
954587349257682945
719859068
1020184382680645632
46265748
2156012253
2442099809
725283104869498880
94197403
1062506437727924224
3169245787
946758368357519362
1187068890045652992
1565712144
365695966
815336137875161088
1196873512797048832
355289390
90742817
26816167
953958289234186240
411605915
762860726218129410
710179693
1063789817459142657
2300606120
1176576824689774592
1197143126940495873
939462363077533697
55300483
609405102
34207130
1700846186
3081269271
962022881495457792
108625132
712442411910303744
3353073953
1154556528894119938
932731880
84158589
1011548813536792576
808332930607157249
43820085
2533364521
177281033
14968581
397166365
22794611
1164220766461681664
1019382252071997440
4322444183
985607800410734592
1162622721844371456
1168162595427115008
3068619613
715164267599630336
2739496282
2151953562
967053970031161344
84918364
2864514639
907617044673257472
825774359709044736
2866919817
213904265
985607800410734592
887102582216204288
887102582216204288
1092182261074673664
14403416
946839016464437250
350802962
15860410
892352371698708481
211846145
1147108534850658304
1032962822135861249
1100528928517701635
96445671
442742605
909430699492483072
778858153878384640
155250422
569320789
3044672350
1012695265361313792
297927661
944950411236126720
279388545
552255376
795408928817508352
351966903
120389170
398976313
961172055059202050
1052241115166830593
1177800907997798400
823313639235088385
602293417
826667834499477505
785121492
183391681
752439785290031104
183451309
2324384945
937182874318471168
2303937628
597582176
1356100404
1033606344
383481354
616389099
2247247338
1013823246704226304
1178403496460193794
765635646597857281
1133341193063030784
1117719415611465728
1173042155130150912
120389170
1040827807838830592
1138896319114809344
1182817496631566339
894737585268031488
2192280263
846667135950643200
87314420
1137043750809587713
3148619200
1105668813251502080
626742089
716079816718606336
995872067441471488
1166416655423082501
871037990662848513
122454645
793629619
877739220772704256
18291704
595899963
336694301
3172918901
980181759479418880
916358549772689409
3665702473
562608374
966475470391803905
2941610639
704269812944359428
397106661
1134011804684697600
404393434
1191367143868129280
532152051
929350520359206913
821409882
256856593
910814875890470912
246456469
763391790384869376
351546725
2319336781
830180141984739328
501642433
492417449
41439750
255690491
46952345
288677409
3276773324
634195150
2971477763
1635862676
769999026
3326599643
67612588
1308955026
1139259636173983745
928771666032803841
115300306
1197783004824973314
498316263
222411749
193599865
1084280824168615936
954502504389234688
160395717
1207837645
728847914
182999738
388259401
570513559
45624432
1187878627670679553
1177156636495859712
730223553862205440
412467583
1187878627670679553
1187878627670679553
2784112758
297968313
3275151103
21904231
3019582014
17003486
268771584
329260751
2744039040
1018985936988885000
429432541
179525956
1002001718677131264
939162678508916737
43297785
736211022525038592
41107805
991640299679055874
171976239
1122499414763941888
776307758
711200851709337600
854471506553917440
1111174449246683136
948341294
861255483348447233
204143108
1144652946740826114
1162056761118986240
1183343949102178306
848319470150004736
372054712
1128163030188077056
1074402984107368449
1150901818861469697
931101119052427266
711392615409819648
785437873940017152
936294939415273472
1069721357343223808
43704370
2605758295
789152310362411008
823455773271396354
1378578438
1156422073406779393
973704189707628544
1006793450984038400
785819370
2497440396
811948197853548545
1048940140977115137
2861462817
556156791
556156791
835976685027721216
433164496
1062244619398729729
297426078
1042374737605812226
139294603
1067270288906354688
768665943803252737
3502782268
985287987817861120
844101630
15286245
382495664
2400208668
858887384
3177953744
1032862353816055809
367489849
1105145077209296897
1139585445027672064
103846898
1117483647827714048
900433352163028995
957283003817971713
3432510688
37285752
190436472
1201183509731332097
984023794414247940
234217232
4321642693
996311718568476672
1149176193721049088
1055668671580794881
4896201527
787345993419354112
3417009132
940995385971134464
80963391
1049793661381332992
2625784950
1091031974054113285
1187555205203681287
466910067
621989480
3053819140
2815618706
238689092
975383608264351745
961153905391419392
732369366
1102197775469490177
989702918
732016058
182896259
732369366
221705414
446800077
991252719468929024
1455037548
541577426
849731452363210755
1169621085119082502
1124175198008119296
2805656712
276259724
3294185593
1210219055547854849
926427001950523393
1109566530897895424
1042230613108056064
1204361416280436736
972697405178052608
942122522
1023344224127934464
3282207726
2835782163
2212515528
1345848252
821281171770253312
2926214071
1065235882259562497
1066710209056268288
491135157
1150464117871800320
1128127841177149444
714809986174439425
2657406632
1133244136004317184
336937827
182221756
1135148230486953984
594854192
248087349
1122214286657490949
30751859
1177473287611224068
326236343
4765437962
807032512732164096
922107510
20604331
399572379
994853123133988864
128033658
1059950254643122183
1125238752161554433
823223737986203648
855553052
3226665637
332580204
939190178
913514546
1040237256651362305
1708883756
137156676
807181481466478592
154846796
839546013572464640
1401301944
940273390216269825
1137777778055499776
773452279395614721
3435324527
1061134686
727439124307668992
256074092
3572225774
2255802312
334961306
1097538286183157761
719137844103483393
809251920
146410829
956567715443085312
762687721
368814824
2533404730
2652744278
73595153
67848171
1459638032
3087935971
1167226173086142465
231468253
1323264931
858702659632713728
951544060245880833
1075522326681182208
25891346
47760374
1006144651064061952
883787921634902020
1519897945
196411725
2460720792
3055162669
3556800683
122268006
1216885784
882583748457508864
2761544036
20631312
1077571645932560384
116635899
4857938650
55682623
617938599
3958923617
1062725016888971267
1046161918698901505
58062873
1049855442
285477994
857344694786957312
915621795906019328
302670932
3267759990
2413053392
1565340427
2993425394
15110428
928103227
954260301624455169
862360211004239873
793848526018981889
1465224097
2967087287
34238411
2229056112
632858838
35449633
1241953716
1417151923
1105271257229070337
1190440006768197632
3308039179
358474595
716847797438316544
1660595444
823765394
1044293672953675777
1125975869745397761
748592398071173122
730255355259834368
818639085967462400
1099810880831799298
399014412
4484353997
3059075395
97577243
3349681
46300449
849641410211045376
78001994
41056606
253937513
3732909743
1206644386454482944
587694045
2650222486
446522112
809130689593384960
1108093021176975362
781371433385680896
875113202
3663213984
2719520491
855786697904226305
2334319035
922043327163142144
1256440262
885232071362453504
450733054
308018935
1191022509086433280
995953142
4676766733
2898047183
702452723
149106529
15747827
546122222
132809440
259619230
1963289948
883698467880681472
1177217890673549312
48329227
1042173346660720640
923247645451104256
4843658903
1055380350
1099002574026534912
988976427629363201
186213747
470042332
893819968080330752
2843022466
1655908398
1194837810
922257492746424321
889960454
742736402102652929
1051699368
242859234
791086595004780545
2750370495
901349843037114368
3324979098
937926623386484737
3013935194
2149844316
2928178602
2863895779
718128072550129669
1183893827511357441
335347855
884884636706500609
1047899570754207744
989153229458976769
2266073430
3100332925
1016471418127540224
1070025581805387776
109866210
2582464040
226637212
1057223806249512960
1156059472919519235
724940023657844737
730541662036840448
854392956786286592
1702756884
321343956
285038379
122533830
374252213
1078964540694499330
2546355063
1966193815
128781312
904006622418108416
300259617
1040833258114564096
1028464961356525569
3074313301
1735642669
904873755125657604
724139718145794049
44693491
1099774544
734531658175684610
1027932282
1105459000957722625
247488589
922459082308685825
1194448176146763776
725829473577357313
1141936013289254912
157099071
1070286003103981568
1047655613919100928
1123659380040380416
1108576680
630294477
2732003147
2437214972
3393623969
26430115
159365116
1181009617477918721
1650738630
780555367323348992
54144307
268047550
2370549408
46447859
1034868363594354688
23176174
727057662
62420484
937138207098994688
727057662
18036280
3292021879
82438398
2382643807
206693531
286654612
259753693
1568851314
749497794537197569
750159706056855552
494236261
2355498769
1146393439321223168
843164581023420418
2626863771
3161554770
1001835431892267011
1433446729
1148769073
910431839877083137
720301560148811776
1156371369640095744
1057948111933452289
3168663944
289360360
1122489711287660545
1165722571238760448
1054149497943662592
994677265257586689
78196477
295487211
1139725518951993345
925678051
808151986877173760
496527111
805165964077764609
748621352920293376
266278425
59805897
996452008776425472
1093538826386051078
354540636
731343628140826628
67736761
1711123855
941992340390121472
68676487
970383752768737280
2531283090
16177703
227832342
3261245635
874146027262980096
719385548201177088
954605491
1194997051131670528
835797849879171072
143022882
22272027
2730286193
607509567
746432738073448448
481392635
891801008258547713
1167180544418955265
2506903144
1044679677003157504
464768470
3197898433
1074670767739146241
275629749
1133461480513388544
636449885
3047832462
868213383996354560
500327833
3002698056
203646071
139234990
3199515280
3299167135
1671970118
3983266335
208027944
1082084272712892423
963077732832858113
7006182
3404508755
789171193836294148
62890739
974282203235364864
87838182
969577965632802817
1147835956986146816
911138243520933890
1038378232150601728
815601368
822635243756777474
1084311788550672384
1153969793671655424
1867248529
1016062222496354304
828672246289985538
1624125451
883029468394258432
3320305690
13083662
1024897037966270464
378783859
387415598
827207695619018752
756213198676721664
1077464168108834817
3246358172
7110322
16166906
1186438117831663621
434765019
3182189198
258788589
609273677
779093905
196823589
744568708052451328
561612331
1669019730
18498934
37350018
344766468
2232087311
62630746
817017848568705024
923504038766891008
20031497
209689485
65085651
1094266713431068673
129228849
1189931208651759616
1040074861761183745
537915240
44609080
507597672
849344102038720514
4322568021
2292748688
1493425542
788956123181219840
788956123181219840
44330196
1067194488378904576
394272573
997467250063040512
1166346061625135104
4480924873
838708829080649728
143593029
1017079745282912256
16439117
820536515617058818
294213874
1040199111495086080
45990042
825178586608865281
825178586608865281
80646944
1698064686
803018505750802433
291943678
916036448
18496526
19356631
517635771
2450360726
860089052128784384
798219622315126784
2227498797
963789929179467777
1030204358988845056
881663283912208384
1316305254
923238346477928448
565213518
718239356083904513
777510585177079808
844292741077061632
903735527790301184
18008484
817121765843501057
1023296229432864769
30687343
4758574169
1115395532225171458
471467567
2910435750
871580975574200320
813703577042616322
1287341170620690434
2405682754
1070020502666674176
1300744889693474816
455866219
1070020502666674176
813703577042616322
1262653951079374849
94876321
813703577042616322
1300744889693474816
1250409637788012545
813703577042616322
2361601668
4859806925
1129025615238057984
1300744889693474816
1300744889693474816
1241606192033456130
42172223
850063021858852864
210966453
1109518571636441093
4089254429
1257623712595087361
703279927739572224
1073745586149412864
1547877536
1195576255036284929
1014816949451161600
1056067749321949184
1054417658437750790
1115320414677491718
408894555
1555698924
755372524423090176
99647416
2392195213
726811528188575744
3277062013
767786609269813248
948324041017962497
1253171762
1263212856
38623068
2519587022
2434989762
2332614032
796342662844547072
1257017450324881409
1270872331238305793
1264232502127927302
2417925421
1257017450324881409
2693713662
1664138053
719908590153244672
1088304648283279360
4080086662
966726223
913480365511233542
435266378
2255607230
52891634
1664138053
52891634
1283360359919820801
106440167
3041519156
733717446
16888420
1038818233254461440
1168574933347098624
1664138053
727519600787750913
327322508
216421322
2258063702
858204259350925312
1193873318073401344
233869599
1218403456089616384
2956968915
733829460080762881
4259737233
2187090153
1109235758701924354
75625843
15757699
2850121534
160581586
983848683551756291
351146637
91808599
1178137495491534849
1284062771869605890
371285031
2399744745
993267454565642240
1112404912950919168
717305452372037632
889551299921850368
1089157359065133056
634090006
1166747875520471041
1220024073981480960
90253574
2475566053
1212569377473613824
1213454162484031490
1201247386082955269
4697047753
2482084226
16842959
1087072895610904576
1285319866946252800
2693713662
572463801
572463801
1288617555108798464
72928001
3227896861
732563417538691072
1140713460914958336
49322319
1060049746713182208
1134049078424162304
1279833673483685889
113631031
707057743157444608
108537239
1245111122186960903
49322319
52891634
1265860597171621888
1244864492
52891634
1224820691813511168
37619911
248883290
471121755
1250489436573483008
1683668726
15844371
1166653384650317830
1239692495820292098
4584354895
4584354895
96309491
44202133
175127864
175127864
2360069432
1278324669825744901
2342334844
2342334844
211217214
1261051339045470210
1281254559755747328
21944013
1281254559755747328
804202082
1281254559755747328
3647173094
1281254559755747328
1100450877792370688
942662998392389632
961768276991733760
1180817348393091072
1306842203017289728
1259246468780752896
1243206396436455424
1254866417645686784
86117760
598890335
619260953
1110293308834750465
4855042313
2376099168
1287583878077542400
1270947204367187971
1133628235479166977
842074118
2512968277
1208788824077295617
773964043417714689
953117745687748610
1193605352970948611
1247295247224377356
57010678
42980370
490379831
1288093830093385730
150601252
99769320
1153691835325440002
3524628436
382911720
1228000252780785664
1145062195866361858
1112478043606605825
1074630175311024128
71674961
1214380379811000320
2853236652
286444267
1957780981
952342464685223936
1100114881
3381156641
616283167
599477583
212994226
1267002133338943488
1122406308198486016
1267002133338943488
738870530871316481
703362786617720832
1245324755231801344
1267002133338943488
1181328792947589120
927680729261182977
761943879096606720
604791619
757921651359158273
1127319003721080834
513176922
966006214818697218
950445812282265610
950445812282265610
2338882843
2338882843
61661638
61661638
887052326472740866
887052326472740866
1285319866946252800
185618166
3086813351
2893622988
277822199
19687793
1263643905691533312
1261805438338768902
1263643905691533312
2338882843
2338882843
2338882843
28635114
950445812282265610
950445812282265610
966006214818697218
966006214818697218
887052326472740866
887052326472740866
887052326472740866
887052326472740866
61661638
61661638
394320812
216949253
25449240
1115085905432207360
1415550662
333806443
523617592
485179361
735901217302446080
1189905602928996357
212329199
54298488
954553321129480192
826867021086343169
1267808562710900737
42311030
226357569
29165824
348807534
821373150755749888
1012261308
1236313722315997184
16509357
875476356011872263
3485382014
2781205658
596894158
1246503408837824514
1171600181143441408
1261437769110433792
622709207
450715362
3291391713
828252995292889089
1192518934668488704
36382706
1105533552559644675
122533830
755512849888182272
17312720
2513247464
889066597578674177
18836512
4762833888
1292665082703482880
1947314120
1142452950381600770
29340109
1654203180
2929581432
3039838360
1179432060357881856
558575431
1293110886094082050
2978255751
926969926476185600
911526860135247872
2565972366
1208595398409031680
64266348
3266053771
67601375
3152964743
2667105846
1027243166
1295953544965545987
154245491
929343039700635648
3001412057
2319292401
930752761443917824
1296429188891791364
331797113
20562895
736659703510470656
2932947941
23601860
3484088653
1173808918398722048
1280879187037954049
3191286708
1079205634837540864
2330602700
837432126
1058027516638650369
179452722
17083936
755040019644055552
174032130
65786922
3324872526
1666298246
1015739458770079745
818256773912166401
974356156452950016
1077062954674282497
267056862
889066597578674177
1032577992067870723
54954187
194955631
2191515913
340415381
851577118769262592
2942096676
217246038
390475774
62615831
89004810
44392536
1201165744773435392
326226858
989156304131379201
1273666128989114368
1037686617979478017
1204325983135977472
716984322
870516469729079300
3008978287
515888200
1278108805
1061558347130904576
2157964993
1654654640
801039714795003904
2766388353
1723624201
722828621379801088
1307899326
39041254
1050306919666278400
800463336630403072
2257848924
191769027
1323287395
465160818
826511451045167104
1602013771
1210001300496117760
2743684155
1291112574860308480
91895951
17230773
1344782732
1138790496183078913
799422085399461892
1022001561055252485
2436637344
1057228113439088640
1876106359
1155526269255241728
798172871638056960
21355522
278236303
846721285
4718767635
1301532983665610752
1040205445162573824
812284110580256769
59929676
137940948
257986626
1449572702
1150436030056714241
6214672
312326127
1293597265387552769
62640108
1664138053
325687584
74626888
843600326565355520
1205059957638471680
925492644943409152
1117286081622360065
1175069750419963906
843600326565355520
994926745676648448
258612274
872507705960701952
85741735
308536535
2935503674
2408075628
72130329
1095748551475384320
793600604283305984
1236985423718764545
230750662
1115431078695559168
23204215
216151417
1664138053
714280998414979072
93430821
462274812
139229024
915578873089331200
60428890
14666036
37644319
1086275330707521537
942583107361951744
1435125739
65295702
93430821
438262278
1248839426895036416
971670386
1002510060680024070
168002246
21026095
22858466
93430821
263251020
136820934
809361393661210624
725418981855612928
1256368186787876866
223565112
138445191
3878153541
95384033
195005131
177124151
1169269034384154627
2886307114
1011315625044643842
1023988059371700224
28212513
1079749795823214594
329824125
136820934
2391736411
825122525898223618
19569747
1117286081622360065
3834138105
3244922072
575910168
815349052552331265
976322183193550849
108867469
959985086866141184
30703145
998937009107472384
2971889495
1252338860241059859
954501708478066688
1128142718394257411
1246532609535954944
112797129
947145396270325762
43508994
1148601689500504067
3781547235
408671982
789188171942596609
36852336
718186770
3118794255
823637686166687746
823637686166687746
500201966
1050436208705171456
1297934355118006272
1106936795118387200
3874367549
1284305103663460352
761985384515407872
1249770986012106754
385434462
17512725
1926053630
1106936795118387200
868370208200822784
1232801058172395520
318034757
39546678
108266073
225010383
39546678
39546678
1256266861001560066
39546678
39546678
67937047
1641669223
2992211967
1202775734097498112
44706747
838569665060290562
1235154763563642880
942240917771059200
23059499
3145561471
571044251
119715367
1246959692896776192
435418747
22451566
771443224703594497
470617965
1247743075645927429
1037911818465955840
1133750130421714944
3435682714
2822379212
37273745
908415556847468544
2822379212
1280944453809770498
1116467354643255296
22949704
943869911293726720
210020603
1285104865
1193396625567174656
3699245241
249652871
275740961
2417925421
1119916592685568001
36578490
983888248387788800
261743206
403616166
548058036
3010930805
368751986
613477181
825029810003009537
1263904851370655744
1105563273833955330
1088263116398518272
902448516
75246711
1069158336053035008
1276240854903111687
1241891936241356800
818009449646305281
1200597075852976128
963851505035087872
571891924
887675123817472000
34823292
440914642
834507218225598464
706269135404081152
787832312834600960
376302246
79317069
1178783495302209536
1178783495302209536
1146802403607556097
72906858
815393683335806976
412335310
140569295
2310023294
1075175395845115904
2761380581
3233365128
68195206
58199261
938184593865363456
747129637
740055668
2254531243
15438018
72192700
14928079
3098576192
844015154643648512
863210001082576898
253773
1029847104
111946344
938184593865363456
1142102254373130240
1131993284
63836024
341040923
1309456622
964818446553817089
61241706
1683668726
1196455110009901057
802644169172938752
548663772
243013409
3233365128
940082858491654145
1275249319038222337
822571773115957248
24402471
18471504
947051409744318464
2526032546
1138905419030650885
1754641
1044301710104178688
518678187
1087895608998932481
886682143384117248
707057743157444608
219953157
2501242953
1131180367925448704
190928969
1131180367925448704
46784454
253615321
945618257771364352
288129081
1219749325200351243
927664059872399366
339735417
1098673380679733253
1087895608998932481
1289897761253527553
3678391
222701184
28716183
857279634
449216412
1281736941541765121
2790948541
59124859
1113833717053775872
945422358038401029
636990219
1204128767251230720
2350504448
1294409273552904192
1228703062400868353
67326663
1093544203840356352
1010010127091396608
808767477769506820
51928578
15481158
1162511155966959616
493348502
202656594
313509748
175511524
381519863
1175873017
30849549
1927883604
904668896933838849
1093544203840356352
423206747
109523524
40745605
1053532542
2350504448
1513630206
114083313
1251648886759985157
1886502618
2507616835
267826603
1170879933150834688
797295219825897472
1080111341313187841
1259101484047876098
1108388301646544898
1197002403733622786
1182456881303830528
4874972835
18433619
124926575
1222242800424706048
2527904352
1186588008914604032
825494181724381184
1173071709760438272
26326911
1112894965431066624
1207081696883027968
1182456881303830528
3135670956
1175107026797486081
1281937797549629440
1104347036457918471
1012654111584587776
1260634550
137612685
65681636
54739218
423685343
572852870
118794845
1565982361
196014296
1294745702019432448
804473440765964289
169153997
1198979968740532226
817567541371539457
1718116434
2228154894
921027039146266629
255445234
1250457617060642822
2206258356
924966648922157056
1057319482891341824
825827046714703873
2252123636
140994276
96152156
19479649
1201553579309273088
52370117
1267945916494868480
24755686
342088754
126832169
1222471152456609793
2325841986
1073583372566450177
898255774949888000
1463255154
1267945916494868480
1117967072
63664942
1236829146
56474182
2627176113
1181680350541553666
2975480417
804473440765964289
1153604593823166465
526672620
469902830
10003742
9820242
2740690328
15574517
1010845229182803968
1003032584639705088
258979550
38188171
889953283032350721
720740855557058565
3184574634
900642778077474816
1134137487817940998
1257975273313710080
532048883
1160037702231842819
1178575157364850689
1194605628
1214343618741362689
713456230765826048
1194605628
822544851468165122
126832169
4041454812
591703440
1268919945536122882
1231173040387559424
2206391023
52133788
600361232
1062445670035083266
441519648
576381971
419975212
2398532839
1048412001364578304
44409040
1176299786963697665
35219345
176614979
386623854
386623854
838110403
393638656
897879690
1266113547060350977
27228069
24843079
437819850
3140056353
2471657342
463003739
1192120617593475072
216971492
391581751
2408044142
240923719
255240240
803720349401698304
4639018735
3415801048
1183527730194743296
1308211178
1252816946308935687
1289897761253527553
1268595258880864256
29171042
539863097
3255804347
1596829382
1144956355104661504
1252816946308935687
3912362663
1285255557155192832
313258508
1050586786806796288
714509197421903872
1286447507153838082
776409571
407020992
1303852337337958400
386281173
16870630
1250830691824283648
2855613631
1116353841908158464
120673566
969008246026588160
33443283
4920241992
100859683
1284814706847318016
14143296
2389981494
1013162371135758336
26116426
1277788943744937987
2160613990
35158780
15784509
1182333204528795649
20758113
778999654482604032
850952880043544576
767046566557343744
851394863564288001
1301980462433198080
1037885011972767744
3884732354
1212145048629833729
309950446
54290504
1637108509
18200793
829935516246159362
965535618028789761
704339172547493888
560141481
1899406981
87451116
817839225823514626
18346381
895578102897590272
140439731
119202260
3304649479
27039200
321167519
1153177559422554113
312630783
603384469
1137206216
34591618
1016127687176249345
953358890
283857046
24450672
1200948582444126208
902044744007737350
1332553680
63630063
536653962
1193750858204405760
276774262
754724878024966144
1267246997775343616
2803051911
36274970
19375461
242790841
19050000
928697008801579008
1265250162
17168428
157591318
1214252261603303425
1899406981
874386747878232068
1052259287655804929
15275731
900659463069114368
2312777707
1271451338535297024
15567938
1246628398958440448
1684797655
1157767054042128385
858204259350925312
978120517445038080
81539989
968260016636661760
2218420168
917488476399923200
1269481872343482370
103286585
1275908167294021632
1005830038023913472
2225742049
917488476399923200
1150320906897625090
1016511607
1150320906897625090
47728921
118622272
482013926
788748750474928129
103286585
1544270486
1252170527533420550
57627928
538304939
61554617
1252170527533420550
1153084332078243850
2208764544
2323013233
435266378
288756620
807934296
38400130
28096651
2992886851
46653914
59019882
3439073703
1198414824172085248
21106016
121527999
24814927
21106016
1449770029
1000428489168900098
1091289835
742653769
184853953
838849853820190721
1205703114415890433
138942633
23164217
198848898
840604424259145728
884530553168551941
6334052
752093580999716864
950438984223789056
161887606
840552587761971200
1100864745429786626
109404985
1108483133391831040
956457972
331671552
2921878218
1280992301406355456
1295831800808271872
169081324
916787510822436864
913582501
916787510822436864
712308834635816960
2889235929
1010620973085675521
948905971816062978
976670801469558784
264451340
528986496
1158261996
80628196
1151994399729102853
227047623
1266564325071880192
39112788
33722643
816333811248201728
32885835
862712719618834432
39546678
2281314234
2235329532
39546678
39546678
39546678
1173313959933267968
39546678
45661807
1010110483582652416
39546678
39546678
39546678
39546678
39546678
39546678
39546678
39546678
39546678
39546678
39546678
1134049078424162304
39546678
39546678
1116612945247522818
39546678
171156871
39546678
39546678
39546678
39546678
4617945078
39546678
39546678
39546678
235893847
235893847
831258415
39546678
15919256
127289951
800880767324880896
1095818857791610883
619277389
335265714
1291187078018064385
1291187078018064385
3044310422
1291187078018064385
1291187078018064385
4457934195
2288525005
1012063626901970944
1012063626901970944
901951722796457984
194279192
1043712558354587648
823394152595554304
1043712558354587648
3023313926
2319057054
783492048850595840
2715561381
465233079
32966107
126914465
4435019892
15088504
2186828010
779581291
297431792
259265413
16025265
193290585
1193779847727894529
1695156122
226264386
23706953
1052519189989269504
150777984
1245149683703590914
1274476437098188802
1061266140
938681695020007424
253793959
17464780
4435019892
1156513892111212544
798686544638906369
940292900721778688
2845061361
2185190036
913891656784662530
897453091959828480
1183295047040688128
19723595
111609242
1171120111312203776
704035646004961281
914457363196841984
3400737969
10051742
1009258310971854848
30952201
90665116
1277708553428570112
76764153
536124573
3170121190
1250092536036823040
17625154
751158460650287109
619615498
2168261977
29063926
1150171432485294080
1232236535493337088
807361830330896384
256534446
964617460648472576
1232236535493337088
737779659828428801
759256253449338881
567660545
36190761
283918233
890690353178619904
2273154285
67406406
1132698835405475841
2407590260
1290591204321656833
898985986549567488
1709787560
3210521301
512659103
1261540915258294272
1261540915258294272
1259424777732677633
1281035286198145024
22394076
3210521301
472603844
22394076
1261540915258294272
1140066308064591874
1257806295547207682
1179210734795988993
1257806295547207682
3232790202
759155017345560577
24247232
3210521301
16992049
321343956
770683321978204161
39546678
801992212431118336
61078567
704647462951198720
61078567
61078567
418036639
61078567
757791901445521408
180467709
61078567
825047693747691520
61078567
513574059
4826950695
3162911248
192609963
2469587917
738560511059464192
1281986766938005505
2539976408
122104516
122104516
39546678
21585464
2383717754
56678999
732250720376897536
56678999
122104516
15175897
1656350071
222443924
3309375033
864933265723019264
35434986
44365982
14898529
6486602
3279926221
721568713921732609
1267052345822572545
975726263565471745
2844462863
1219546409332039681
1100184633847762945
83385251
1189384845249650688
4254665054
1264253081253896192
309044528
389588669
1126930236661125120
949616672091996160
1060605689024929792
132044440
44388921
63972462
786331427218399232
973322161342550017
29965079
4208848696
1702073467
33048392
847727017902563328
1183711118742544384
629055051
1175174976439119873
901677765883158528
1101723996331171840
2609500814
1271182596559511554
132854767
1281673121590841347
1014556362183880704
228070805
2260766890
15080793
107908556
4035053313
165012880
710123736175783938
1293203430442446848
3344944154
1288819744523587587
8968412
6981462
1182037942983888898
64274719
1938804186
2954193205
119529687
1157486943787266048
564711481
52089118
3348801147
78824819
240840601
27329690
963394554417295361
157852874
883799456738574336
884101597013389314
615818284
58335044
51207022
837993518
239845870
89955122
1246087810039201794
2690984647
3898490725
259912765
1067756349591818240
2694072151
88167422
772654041528610817
15092636
1228363744645984258
35893526
28936899
829990317218754560
18622619
949551057293553664
124628928
30759478
759522595834179584
1343050604
2943160215
417788455
1109648851
742211212423860225
4585617510
1205397767922823169
1154786373343182848
2979644536
14764095
1164352113863843840
76363389
306127388
1189031161798057984
1006209213444513792
589205799
105613985
2605865761
623372948
183395780
159399646
824092093790519296
1182037942983888898
39922635
724966577280569344
83530742
241292532
797148070676955136
912733595449675776
20442439
1079458941606772738
1277306886862372868
310897418
138628954
3560661
23212700
1300767974467534849
716066830314397696
986907448782065665
3789251777
822622278106157057
512814240
917767381
905518318857138176
1190139644026986496
30043230
2334380300
242263458
2456543079
1303548602447310849
17856983
1098114151
1101289849
1553698957
1051212832124149761
27299201
2850916796
1354745053
20218024
39221086
3263253388
1051649960
779647729073004544
1300542541121515520
184987977
779647729073004544
110862786
568075763
3353492248
378738225
1285636363153539072
1831248854
1303201976373727232
141838343
43588409
1210379403332423680
590855859
1083474990652157952
2942331514
18622393
1015632718049275906
1251751020713046016
2415522457
276313580
1273382888730435585
1507093285
1092596690098536453
243451006
950783869158088704
1286072747471310850
3114476074
1047239649293262848
297084591
3306056069
830906977169637377
27053141
27053141
1083474990652157952
1261704300956463104
361099874
50860008
385517072
1174224194785202176
1266133633389060097
746942559054749697
737333862670290946
999274032875950080
3316513250
776953627
954663364474503168
1184012880032751617
326503751
973541697605914625
604979730
25541339
777411248631738370
859365799974367233
22631958
845023139490942977
96829513
6102652
61608747
2309714292
869915280667004928
948764786
59182880
3663180085
47562870
48060039
1290567564372967426
2225564552
17819933
1722626408
1004225337163747328
323452007
464215072
1184012880032751617
2970946161
3033794473
1288887110943027201
637233762
1019720783067672576
1004458117701226499
1135578434225049605
1275994295615410176
3064441005
111589340
859917631
1069325098883125248
1259868088687751168
963877218005917696
1101858626522808320
753571509080174592
2952069045
378488717
390697884
1684301714
259044271
888207435260993537
819876316560273408
108617488
301272193
962307881117802496
1296697922784960512
817911806261940224
1251660359766888450
1260244033
1014233833
704458428438208513
791091960979132416
2974508085
563281826
1119063948689596417
708162041110876161
250898158
1136370591517290496
1119063948689596417
983571678411173890
933784102834020352
716221888721260544
139298578
716852543998005248
1191718439104188416
1045485608
1274818333867728898
1565821044
997845443190157312
2287501554
194760869
191044973
1288365384853225472
414018717
317540478
264485738
77521598
891978900
1231434792429899776
2462624070
1182796388792459264
2387187875
1007620836
1286744665056739330
41290905
1270726530319122432
367240139
5663932
367240139
945039356624072704
159408027
48921258
837407887
975168008
975168008
764049528962121728
2997147571
230444894
1220618852964491264
1950231828
1042402540325810176
1202396694651883520
16825716
1119929131666247682
2759350233
522748131
1291449051460677632
153222674
4069413434
3887004793
2727480088
2523816167
62585788
3493029792
2496222676
2759662670
1188037815331778560
1122929196
883337617
23021264
1137955015920967681
472083714
786309892990574592
2562916958
611064997
1017128633477894144
3997376057
3097544791
165686041
979203972014755841
1110747174198038530
16642033
53256993
1250156125053423619
310673681
140833067
2579938045
962404123709763584
1193436039123210240
251676964
1099419584824672257
1207195703849603072
3594229401
1274920780736770049
1187130551460859904
1269205880148549632
1236135416
864317081407242240
924458224778137600
375354886
22028922
697525494368047104
161480716
174209487
1238431127129317376
1968609206
1214671719358763008
1279445650204053505
2210393793
74214579
1056316906007904256
1264547446715305986
1698715370
921048750549798912
1067222004
1245356478371745793
1160785515026833408
864975917919162368
902399577701179392
4229785888
1042070609075884033
716776942909972480
98729207
829582524930088960
1180173266339684352
937737835066650624
924458224778137600
1281914442276466689
1204949659866849280
898830296186994688
1269205880148549632
931051286824239105
994025486
1271226423840321537
908838943365398528
160065202
1219669741935255553
2254659753
266913870
2490709685
851430691363540992
826921177020903424
719176245867483136
523673610
4547101936
119074969
33161319
797087570064801798
1257398925587333120
3227195371
1225517123545509901
3062633517
1273950938294706176
1242986780942532616
1180126837
959065815655026688
481677894
3278362501
1108731435035303936
856957838933012480
75469394
3430098334
924062584629755904
113890852
36679603
3314966451
189924165
91237584
1119249045166460928
2819505970
25958951
780862728
21106016
150167235
368422728
792487328635842560
1279675044055199747
987868201
947724719196901376
762068824371802112
337914139
883166094772625411
28326315
771217938258857985
716737614771044352
1251566471311917063
1226705235386740741
298279449
1232403291151196160
4875829078
90200808
36297529
1091511234325667840
463837206
2446825608
1249503790987796480
1062747689438326784
1231996640
1708739899
33557132
4833727763
1068316934482116609
20583504
4807345577
2679165849
4908420319
1290309998409445376
179067771
305790272
951566856850214920
1055102254808584192
157947263
44867399
3927217425
292611679
23241195
1600001654
220750828
426369194
797053655509827584
524972999
116289807
152082363
16681453
707075767
1169089050206179328
747019163927986176
3027071947
2332770663
775003246645551104
1247830448887209989
1241839766
192569592
1213464301450616833
1613170812
1023068570589093890
204940780
1237425763672096770
1466082392
915432859208265728
579386873
1023068570589093890
823680383615139841
4429877811
1243018462135492611
800399475629920256
262601471
953885732602503168
454653353
2543982944
1135658176043466752
1267924899261104130
1214799411907190784
1191246341889904640
722693714200698880
1378430539
743555009711845376
1028331321884639234
959475766361763842
2613992689
1236243385171603456
220756679
2430359540
43882473
915577011359375360
822922032358756353
1153479056073089025
1248592810657206273
1227968977088860162
870253804838572032
2629621913
1357575342
1631421318
888041223243649024
240284164
54670397
277212183
70863413
1225383767700889600
899718001
1309745180380143622
65418368
146163641
215109443
746761825014915073
1210129489834975232
3870680182
1088794779184521216
23397315
760125176
584310716
1089769477
2500782815
950295183962394625
1030299103182241793
1102365421
1264903627463786497
24095073
325266387
590036817
1177368233592012801
912815659
911188992619634694
345026692
353700964
1292219947
178804239
380890584
1167424651766710272
76363913
3178490905
747835110184091649
175411842
1257729713448992769
3717691997
1279427074185261056
4700419050
869341388332204032
1232911789
1292665082703482880
2466596622
1339788666
2202333674
721234950066946049
31066498
61975857
915712109287297024
14479540
2192456106
951991910436139010
3038208674
402876893
1293576311684833281
2213460055
919800944
3684600376
1916302717
742315172161835008
23468714
116749385
1175787942838767616
1318596690
335477733
470045241
2379107275
520085140
16765892
631331182
3187094028
167588986
1186257624569917440
403522137
1159879597103575040
1083862552919068672
1132251626981380096
86402255
3791704998
2441546948
1613700343
14623866
276298255
977549893622550529
1105085464124538880
1246905552397099009
72145409
1288333278022254598
2322606833
771224975155929088
257848076
1224880600630218758
459788452
851152512656838660
628645458
4829403137
1229828518885937154
220998075
2965329536
1258911462153760768
714798492229771264
2201442792
555377757
44440830
2151824822
738425490357157888
1258674218843152385
3304238680
597874577
3060711463
184230129
985790688
1000052457106563072
1098830613702942720
1164248949609287680
964826293
15879693
822209559364272128
864919392244596736
1132364009641074688
768593727082278912
1210455137195614208
996869913967919104
894897914
3166902664
1306434441061916673
1313558658
38030347
132428346
431698111
1266886977304981505
849032543181688832
33595941
1285915682673049601
817165422
1434653839
1191526912293769216
1265902111
1214156983055441923
2984137075
2301200467
1249667385520304133
1382172430605512704
1468470968351739904
890621048940445696
1447957538616578048
281523778
1413853839124406274
1404836581693853700
1444301644955635716
1281508931420827648
1413540785027371010
1447957538616578048
1444301644955635716
1085776536
1303228157793914881
93584880
1387103815267094529
1622741126
1405170954918055946
1443141657591889926
914856938328006658
1405170954918055946
1452880550075658242
1472379001075232770
1459544920604168197
1430601323901116419
1364230067979657226
1433789265897398283
1304423465651503106
1441518661118791683
885162227052945408
1465219850842750978
1458475180183986181
1458441576963719181
1393260898513424387
1349258698074386433
1457514699902398465
1169669641
1371643763974578184
1457708366487248900
1440944331884433419
1406080854749696002
1376323226138255366
1459544920604168197
1439725738370822146
1391510173999579142
1343595486733762573
1191761625239285760
1427262899475550208
2907028416
1435237281439289347
911585809706315777
254976531
1472842748499693569
1398944777643593730
1476932457895055363
1364800856852369408
1472203361780969473
2192074418
897114627397398534
1454479198240731141
106978391
1349195639893106692
1323642069965926401
1433965323980455936
1461712683070369804
1486544625166950405
1621910683
1423508396926324736
1473969566942384138
1254750273869766656
1464719699120431104
2402209934
1461532574220623873
115502871
953848492811628547
1453225204067471367
878607542389272576
1402476738999767041
782382048
1451252908180312065
166618066
1115821801945350144
1408789512575086593
1481321821354049544
1281084775478915074
453600617
78084063
230796631
1454522619336794114
1214790485698473985
2700154262
1454358299692781572
1435045328613302276
24177274
1359995032393031680
1268196069919412225
1336892507238481921
1383793065563885586
1481321821354049544
1314220418593689601
1309031485576491008
1403181286622076928
1414102116042362890
2861973179
1124996011191967744
2559284376
2889300627
1092785718949232641
2796201266
1062833663015092224
1228748569060036608
1185259533083394048
548959630
1454172621319417862
1328064741978345475
1368858339807916034
200264881
258323041
258323041
258323041
258323041
1397941106927677447
258323041
258323041
258323041
258323041
258323041
258323041
258323041
258323041
258323041
1296553631358099457
2787648554
258323041
258323041
722076794
1404011215605669892
3363353746
1069735829310828545
2340462390
1362132364709687297
1391364528013721600
1067790510973161473
1253784736645988352
83727344
805452063819833353
4386957821
1341880408972152834
294657949
25774136
106550036
960265149209772038
1195279957045514240
814192038
430014514
3952244537
3952244537
1213569872224911361
84718924
1216317712970002433
1457924045001969668
99773258
27880227
1429834465560436740
4487926474
64183083
801423164358230016
790612019254816769
1349360552322203649
1480081138123100162
1397842814923206660
1232953951898738693
1232953951898738693
1365235695888044035
43841694
1486637814712135683
1414220482287587330
1265225844898791425
1262834026110427144
1475436889788268550
43841694
966968499594809344
3147189677
189242422
1429164127293947915
1372228781197299713
709799495576514564
2971216585
1039408039500103681
1408144938408153088
1213133513152548864
1471173109495521284
1476214892617089026
2290354578
1363583572364386310
198440584
1466567867147685889
3034144190
1415189746226237447
1471513111832055809
1465958498437677057
1395658693258059780
1428938498619449347
1232953951898738693
349001707
927846168524079104
1428938498619449347
1481204051895549954
255170909
1232953951898738693
1428653823460061188
1432948234951950336
1350052043852021767
1428653823460061188
1428938498619449347
1232953951898738693
2786867773
1428938498619449347
3429953667
1385597679263174657
1441843888688304132
1232953951898738693
1317418233444532226
348509839
1484465016078147584
1258887795558547456
1317418233444532226
1306177544576589825
1232953951898738693
921081228010446848
1441248151613022211
1393421780136591367
1364460618896539651
1447523961470849029
1279551720406880256
1479380386069295106
1447523961470849029
1126816943326093312
1488140388615479297
1447523961470849029
364820725
1482413847600189442
1469389290010562560
1081573569446977538
1478444405790896129
1073904567895711745
1447523961470849029
1419995453823803396
125101068
1447523961470849029
1362698549499228160
1447523961470849029
328388843
466003201
1447523961470849029
1401080981583405068
473787545
1042019354
230405445
1367848327543422983
1319007668338454529
125344635
1074645200239321089
1419364478802665480
2873981207
22658534
1303933369453928448
927165428836782081
377653006
1433369991429033985
2574974078
1228821244247773185
884003132707090432
2580278361
1476249298702516226
375857680
752516986240954369
1174110286573228032
45124090
1291481620550123521
13194
2228139728
1418771178928234504
1367848327543422983
1256618286915166213
63595490
2873981207
2488308620
63595490
1392583751197028354
1408576821071945734
434828766
856918624971390977
1256370851848601600
753210028899708928
1257646586898853888
1446383258355314729
1285178354220572675
1020393216
1221423475405021185
1446383258355314729
1415327786806521867
1446383258355314729
1356103411192782850
1451143690739716099
1292654988066316288
1475132102765019140
2557905565
1321440725083529221
1461388061334544385
1191219627604377600
960490868787597312
1277942598158565376
1020393216
1084779446706425856
2840462764
1446383258355314729
1160935458383097856
1486997243026903044
1429807553731567617
1483097959956844544
1375950061570383874
798523761775542272
1403181286622076928
1119588776915894272
1052325349210566656
3149350530
1459885398017073153
397932858
1451044244760657924
1243620619
1345606607829348352
1304805127723708416
1345606607829348352
2228139728
58118127
3927290297
845151074499514369
1289530524436959232
1426318224979804160
2421972164
1476249298702516226
1451951702647590913
1240284500917129219
794898213694275584
1476249298702516226
337052259
27824229
1000875373498904576
194028334
291572316
1344929399880122368
1000875373498904576
1451951702647590913
2350384477
4876705162
1256618286915166213
2421972164
1249590667053092871
1262979938
382573196
1000875373498904576
2228139728
1313027197142208512
941427815504924672
1338404856
1324798063261687809
1051361104088174592
105936579
1411783858182189059
1479122114456154112
1070845941526265856
26206160
1315596398017085446
911647156662161408
1282006562366615552
2589817010
1478229567965786114
1417175571696701442
62274303
1377224816265076741
1058162715783561216
1064116494
1338512930049040395
571010612
406498109
893051019428495360
3177331618
164482667
1224858122570760192
356454488
4838610792
183933261
1312075808589205506
846360631364136961
935808789957283840
2682437161
4861363215
1084655879646003200
1370836891721990153
541821235
1250829186
3356754442
1419027554237812736
1231896540777762818
1472046960941023234
1345063726244790273
56854625
1397387930826469379
1418215981965475851
400056786
1298681982398808064
1373699789586628609
1129381702407741441
1441462377526956039
1433741081443774490
1441420203653480448
1133663457608253440
1220360234545250304
1407624223477043200
1360717676725764096
1422230000342683649
1432362423621726212
1357652743180218370
84181346
1461909944806957056
1458641154304475136
1379765375764738050
843838265845317632
1465473449409736706
1386372697156988930
2966980479
407759587
1317973695793483776
751153861180682240
631013591
1190859149547958272
1437323193702703104
18158132
1103132878039183360
1435203978585796610
1440585772935958540
2425301115
1271998547726970882
904233170999984128
3284405168
46919059
184285606
1474763343164547079
16210723
1425453784780660743
1428783365373800455
352825998
1396484462586826752
2484902630
1252589921027731456
772530357929336832
1306256564123136001
1052896028125347840
1316283649558339584
2993530511
1434033271185104899
1203522762041692160
1334196978629140482
704029223770583040
1043604996095275008
935751962108354560
1025931149283999750
1317283664602955779
1433495254251057157
1460257657
1385750468941414402
64440259
1413973454936702977
1209354765076844544
1192641202656407552
1469972721861758976
1469972721861758976
1412684920082690051
858915645894918145
1467389298563379201
1119881413438763008
76918775
841765654529228801
782361948188975104
1156852418442776578
824327279622885376
1349583349921230851
1395964438230962178
1078280422692409344
861751595683508226
1383175394526961667
883479282718187520
904233170999984128
883479282718187520
1443528202949955587
1395964438230962178
1352332434247974912
1080713402060886016
1244009870237540354
496057632
1198395126160273409
215182475
968531705119236096
1075858114711339009
755916265
262279406
123500736
1388655303919603713
19889496
1102404336267739142
1291609562701869057
1411227675226742784
1472435410185842688
4365260489
195232421
1472435410185842688
883719186584932352
822415878440501248
1401167234584788997
24660841
96014208
1452246467096285193
1377071187528884226
1477373478139359232
1474497578750279682
1458388576765452294
1436730172930019339
1041777250264342540
1418434220020559873
819622729854939136
924320853948432384
1485826848143593477
1452556455819694081
942958704068001792
1949553018
1469972721861758976
1401167234584788997
1366444789298720768
1364245216203403265
1408277112239259650
1266613947458699264
1368051728503898116
1398000662651322368
29200651
1395964438230962178
908697151
1235354000049963008
831022393384660993
1364963289034285058
1395964438230962178
909027512558215171
1428377540868018188
2553196598
1364963289034285058
1428377540868018188
1472435410185842688
1447626286155935747
1395964438230962178
1398338503834963969
60132962
722533497290625024
3992805111
3773550738
3775166412
503885770
824359135047249920
1378571369101717505
24780491
1262763609337167873
700189772619259904
1293801209707393025
1398338503834963969
1472435410185842688
772860576
31703376
1279115031779479552
1082365328787730434
1110321517194145792
1436292342579744772
1439481989011234818
4877075020
144342188
1468130583687864320
122380066
1421051244970266629
136250732
3300187232
1262455756806381572
2931508862
1229476004885721088
2281314234
1424659631725498368
1419901988075044869
1453908234780119046
1017165144156090368
1450110128477327368
926927013373513728
1430635808386535426
1393650759196155904
957688737370079238
1470539114592100352
313356343
1473405543696015362
1458548870921613313
1458548870921613313
1355985172450189353
1430715134419169291
1470897249123139584
1364087284216324097
1067790510973161473
745000988
1487613701536772097
39689608
1440124389308047367
1454628436794806275
1110232982542082056
1251269133011992576
1342754817941282818
426909340
1403946646040301572
1245039457482334208
4397273965
1005810017281499137
1297462406533148672
23433919
1454628436794806275
1312624261534605312
1175550770
1408464202273075206
1349572579216949249
1248409404392845312
1364497572509880322
1043606055081586690
1467865092540747776
1248409404392845312
1455517982222815232
1487613701536772097
2910013256
1248409404392845312
1435732208480923650
1080132893916233728
1342334384909807620
553563040
1158894445720408064
4098108141
18928724
886008313615437824
4889296383
336745671
231961073
1422310578698153999
3313664774
93442993
838221878
1032368758906601472
747207321776848896
74971108
1118469595
3294642444
3294642444
3294642444
3294642444
19733486
1375671833425481731
302616567
1114569079870906368
1064624150659125249
3883291
464937637
23318626
4085473516
1458909048632328199
1297649843834441728
207876297
224408676
1403797459999105029
1190702828664295425
1198202594641895424
1049960899858128897
993888634460925952
1478393126565957634
43774807
246357300
326086064
1349661238968668161
2795748238
859863589842280449
1478393126565957634
1272949626
889686579748495361
371924890
864219528
