1490354922042249218
1490354877574307842
1490354782904586242
1490354718773760002
1490354696502001669
1490354604709715969
1490354526758785024
1490354364124438528
1490354166916595718
1490354104983556097
1490353923349176326
1490353857595117572
1490353611737636866
1490353604976390156
1490353590791147520
1490353582469640196
1490353547300462597
1490353487934328835
1490353385383546881
1490353107607470083
1490352978791915525
1490352949670948870
1490352943379460107
1490352919723626496
1490352848885923850
1490352693592096772
1490352686457397251
1490352675766272009
1490352502717431812
1490352499802394630
1490352389689593857
1490352254771412998
